P -4.2817, -556.1358, -263.2241,  0, 0, 0,  1,  Shapely_Vegetation(GS)
P 1066.2480, -571.5349, -346.2037,  0, 0, 0,  1,  Shapely_Vegetation(GS)
P 1150.3459, -210.4345, -383.8416,  0, 0, 0,  1,  Shapely_Vegetation(GS)
P -458.3727, -95.6441, -215.1413,  127, 64, 0,  3,  Bandit
P 205.1411, -485.8347, -186.7965,  127, 64, 0,  3,  Bandit
P 170.2529, -328.1327, -207.2865,  127, 64, 0,  3,  Bandit
P 459.2112, -318.4880, -261.7228,  127, 64, 0,  3,  Tarmok
P -482.7903, -253.2757, -227.1203,  127, 64, 0,  3,  Bandit
P 1005.0000, 2140.0000, 0.0000,  0, 0, 0,  1,  Succor
P -1320.2515, -703.7051, -479.2552,  127, 64, 0,  3,  Royal
P -224.8727, -424.8600, -258.1390,  127, 64, 0,  3,  Mushroom
