P 648.1721, 193.4295, -263.8416,  0, 0, 240,  3,  Trader_Snugrut(M)
P 352.8227, 125.7154, -255.4309,  127, 64, 0,  3,  Mushroom
P 601.4923, 1007.1971, -281.8416,  0, 0, 240,  3,  Narvak_Smugreed(B)
P 592.8830, 1152.9884, -281.8416,  0, 0, 240,  1,  Thorgi_Mullet
P 637.7133, 1250.9781, -281.8416,  127, 0, 0,  3,  Rolktim_Cogtop(Q)
P 607.6340, 1221.5419, -279.5847,  0, 0, 240,  1,  Fabi_Arnet
P 559.9525, 1221.3811, -279.5847,  0, 0, 240,  3,  Driggles_Sparkwaddle(Q)
P 547.5203, 1201.8188, -281.8416,  0, 0, 240,  1,  Martin_Woelt
P 538.5247, 1191.8713, -275.8416,  0, 0, 240,  3,  Jolly_Arval(M)
P 562.3360, 1140.7823, -281.8416,  0, 0, 240,  1,  Orlaba
P 577.3751, 1144.3315, -279.5847,  0, 0, 240,  1,  Sartor
P 575.6771, 1166.1514, -279.8349,  127, 0, 0,  3,  Ebben_Quickblade(Q)
P 795.8763, 1128.5073, -287.5027,  0, 0, 240,  1,  Missy_McElle
P 781.2890, 1420.6840, -281.9160,  0, 0, 240,  3,  Rictor_Asmot(Rogue_GM)
P 794.9479, 1450.9592, -281.9160,  0, 0, 240,  3,  Rebecca_Cabbageleaf(M
P 987.5770, 1479.3367, -281.9170,  0, 0, 240,  3,  Jasan_Fiar(M)
P 956.2559, 1506.4844, -281.9160,  0, 0, 240,  3,  Esti_Elvenblood(M)
P 848.1364, 1316.7379, -275.8417,  0, 0, 240,  3,  Thar_Anton(M)
P 833.4207, 1292.3107, -275.8417,  0, 0, 240,  1,  Sir_Karzad
P 986.6164, 1214.3339, -281.8417,  0, 0, 240,  3,  Cen_Snoworb(M)
P 964.2897, 1146.4677, -281.9988,  0, 0, 240,  1,  Batin_Sweery
P 927.3771, 1662.3621, -287.8416,  0, 0, 240,  3,  Samfort_Ruggen(M)
P 472.2044, 953.5643, -286.7812,  0, 0, 240,  3,  Thom_the_Fish(M)
P 482.7346, -501.9902, -263.9750,  0, 0, 240,  3,  Caller_Murkin(Q)
P 464.5767, -508.6388, -262.6757,  0, 0, 240,  3,  Caller_Groo(Q)
P 450.8072, -497.8550, -264.2490,  0, 0, 240,  3,  Caller_Torgwal(Q)
P -2158.6626, -1904.2770, -0.5000,  0, 0, 240,  3,  Scout_Halmia(BST_epic)
P -525.5910, -654.2540, -221.1067,  0, 0, 240,  3,  Lupot_Nukla(SHM_1.5
