L -3481.9001, -0.4360, -7.8417,  -3460.0249, -0.4982, -7.8417,  99, 0, 166
L -3460.0249, -0.4982, -7.8417,  -3460.0852, 63.8594, -9.8417,  99, 0, 166
L -3460.0852, 63.8594, -9.7881,  -3484.2581, 103.1149, -9.8417,  99, 0, 166
L -3484.2581, 103.1149, -9.8417,  -3483.9587, 236.8203, -9.8417,  99, 0, 166
L -3483.9587, 236.8203, -9.8417,  -3425.8772, 236.8292, -9.8417,  99, 0, 166
L -3425.8772, 236.8292, -9.8417,  -3397.8052, 201.6888, -9.8417,  99, 0, 166
L -3397.8052, 201.6888, -9.8417,  -3397.6047, 61.8842, -9.8417,  99, 0, 166
L -3397.6047, 61.8842, -9.8417,  -3292.4397, 61.2389, -27.8417,  99, 0, 166
L -3292.4397, 61.2389, -27.8417,  -3292.6357, -36.8285, -27.8417,  99, 0, 166
L -3292.6357, -36.8285, -27.8417,  -3095.0798, -37.8150, -49.8417,  99, 0, 166
L -3095.0798, -37.8150, -49.8417,  -3094.6345, 79.9454, -49.8417,  99, 0, 166
L -3094.6345, 79.9454, -49.8417,  -2968.4331, 80.1423, -49.8417,  99, 0, 166
L -2968.4331, 80.1423, -49.8417,  -2968.5745, -37.4451, -49.7403,  99, 0, 166
L -2968.5745, -37.4451, -49.7403,  -2951.7800, -72.0179, -49.8417,  99, 0, 166
L -2951.7800, -72.0179, -49.8417,  -2951.8579, -152.9025, -49.8417,  99, 0, 166
L -2951.8579, -152.9025, -49.8417,  -2859.7437, -152.7941, -57.8417,  99, 0, 166
L -2859.7437, -152.7941, -57.8417,  -2859.9016, -71.6532, -57.8417,  99, 0, 166
L -2859.9016, -71.6532, -57.8417,  -2777.6287, -72.0314, -57.8417,  99, 0, 166
L -2777.9573, -203.0077, -57.8417,  -2777.6287, -72.0314, -57.8417,  99, 0, 166
L -2777.9573, -203.0077, -57.8417,  -2676.8691, -202.8795, -57.8417,  99, 0, 166
L -2676.8691, -202.8795, -57.8417,  -2677.1025, 109.0663, -57.8417,  99, 0, 166
L -2677.1025, 109.0663, -57.8417,  -2617.0088, 109.2076, -57.8417,  99, 0, 166
L -2617.0088, 109.2076, -57.8417,  -2616.9480, 198.7715, -57.8417,  99, 0, 166
L -2329.1555, 198.2281, -57.8417,  -2616.9480, 198.7715, -57.8417,  99, 0, 166
L -2329.1555, 198.2281, -57.8417,  -2329.9597, -88.3840, -57.8417,  99, 0, 166
L -2329.9597, -88.3840, -57.8417,  -2279.4907, -115.5889, -57.8417,  99, 0, 166
L -2279.4907, -115.5889, -57.8417,  -2259.8162, -115.2897, -57.8417,  99, 0, 166
L -2259.8162, -115.2897, -57.8417,  -2259.8162, -156.8657, -57.8417,  99, 0, 166
L -2259.8162, -156.8657, -57.8417,  -2215.3340, -156.7574, -57.8417,  99, 0, 166
L -2215.3340, -156.7574, -57.8417,  -2215.9011, 140.9195, -57.8417,  99, 0, 166
L -2215.9011, 140.9195, -57.8417,  -2133.9451, 140.9195, -57.8417,  99, 0, 166
L -2133.9451, 140.9195, -57.8417,  -2133.4407, -166.1169, -57.8417,  99, 0, 166
L -2133.4407, -166.1169, -57.8417,  -1927.2695, -165.1425, -57.8417,  99, 0, 166
L -1927.3865, -73.4646, -57.8417,  -1927.2695, -165.1425, -57.8417,  99, 0, 166
L -1927.3865, -73.4646, -57.8417,  -1892.9772, -42.0821, -57.8417,  99, 0, 166
L -1831.0692, -41.8764, -66.8417,  -1892.9772, -42.0821, -57.8417,  99, 0, 166
L -1831.6989, -43.8072, -66.8417,  -1831.4976, -185.4508, -66.8417,  99, 0, 166
L -1831.4976, -185.4508, -66.8417,  -1789.9774, -185.4508, -66.8417,  99, 0, 166
L -1789.9774, -185.4508, -66.8417,  -1790.0225, -105.6305, -66.8417,  99, 0, 166
L -1790.0225, -105.6305, -66.8417,  -1702.7325, -105.7159, -66.8417,  99, 0, 166
L -1702.7325, -105.7159, -66.8417,  -1702.6973, -43.2911, -66.8417,  99, 0, 166
L -1702.6973, -43.2911, -66.8417,  -1625.0588, -43.4837, -66.8417,  99, 0, 166
L -1625.0588, -43.4837, -66.8417,  -1624.8304, -188.8000, -66.8417,  99, 0, 166
L -1624.8304, -188.8000, -66.8417,  -1542.0197, -189.1541, -66.8417,  99, 0, 166
L -1542.0197, -189.1541, -66.8417,  -1542.3563, -90.4439, -66.5999,  99, 0, 166
L -1542.3563, -90.4439, -66.5999,  -1452.5209, -90.1316, -66.8417,  99, 0, 166
L -1452.5209, -90.1316, -66.8417,  -1452.5209, 55.8128, -66.8417,  99, 0, 166
L -1452.5209, 55.8128, -66.8417,  -1271.1410, 56.0735, -76.8417,  99, 0, 166
L -1271.1410, 56.0735, -76.8417,  -1271.6741, -181.3176, -83.8417,  99, 0, 166
L -1271.6741, -181.3176, -83.8417,  -1165.0040, -181.8349, -83.8417,  99, 0, 166
L -1165.0040, -181.8349, -83.8417,  -1164.7488, 76.1951, -83.8417,  99, 0, 166
L -1164.7488, 76.1951, -83.8417,  -951.9236, 76.1358, -83.8417,  99, 0, 166
