P -1409.1803, 452.5979, -66.1722,  240, 0, 0,  3,  Praetorian_Myral
P -1812.1748, -184.2528, -66.8417,  240, 0, 0,  3,  Bronus
P -1776.1000, 620.6251, -74.8417,  240, 0, 0,  3,  an_ancient_necromantix_shade
P -2189.9543, -207.5493, -57.8417,  240, 0, 0,  3,  Hyraja_Mazarduruk
P -2323.4839, -205.1082, -57.8417,  240, 0, 0,  3,  Amnarra_Nogzabin
P -2395.0759, 589.3792, -57.8417,  240, 0, 0,  3,  Servitor_of_Luclin
P -2476.5513, 493.0206, -57.8417,  240, 0, 0,  3,  Khemot_Agarthizer
P -2656.8804, 211.9845, -57.8417,  240, 0, 0,  3,  Deoreo_Bexuarrana
P -3080.7041, -47.4246, -49.8417,  240, 0, 0,  3,  Kallian_Agarnuzum
P -2341.2971, -487.5776, 158.1581,  240, 0, 0,  3,  Grieg
