L -1072, -333, -69, -1072, -333, -69, 255, 0, 0
L 474, 300, -61, 345, 332, -62, 240, 127, 0
L 345, 332, -62, 340, 318, -62, 240, 127, 0
L 340, 318, -62, 332, 301, -60, 240, 127, 0
L 332, 301, -60, 325, 283, -62, 240, 127, 0
L 325, 283, -62, 324, 279, -62, 240, 127, 0
L 324, 279, -62, 319, 262, -64, 240, 127, 0
L 319, 262, -64, 312, 232, -64, 240, 127, 0
L 312, 232, -64, 307, 214, -60, 240, 127, 0
L 307, 214, -60, 297, 182, -63, 240, 127, 0
L 297, 182, -63, 297, 180, -63, 240, 127, 0
L 297, 180, -63, 296, 178, -62, 240, 127, 0
L 296, 178, -62, 294, 175, -62, 240, 127, 0
L 294, 175, -62, 292, 169, -61, 240, 127, 0
L 292, 169, -61, 286, 159, -60, 240, 127, 0
L 286, 159, -60, 285, 155, -60, 240, 127, 0
L 285, 155, -60, 281, 144, -62, 240, 127, 0
L 281, 144, -62, 277, 131, -63, 240, 127, 0
L 277, 131, -63, 276, 127, -63, 240, 127, 0
L 276, 127, -63, 274, 120, -64, 240, 127, 0
L 274, 120, -64, 274, 118, -62, 240, 127, 0
L 274, 118, -62, 274, 114, -61, 240, 127, 0
L 274, 114, -61, 273, 112, -62, 240, 127, 0
L 273, 112, -62, 273, 107, -64, 240, 127, 0
L 273, 107, -64, 273, 105, -64, 240, 127, 0
L 273, 105, -64, 272, 99, -63, 240, 127, 0
L 272, 99, -63, 271, 88, -60, 240, 127, 0
L 271, 88, -60, 271, 86, -60, 240, 127, 0
L 271, 86, -60, 270, 76, -60, 240, 127, 0
L 270, 76, -60, 269, 69, -61, 240, 127, 0
L 269, 69, -61, 267, 62, -61, 240, 127, 0
L 267, 62, -61, 266, 60, -61, 240, 127, 0
L 266, 60, -61, 265, 57, -61, 240, 127, 0
L 265, 57, -61, 264, 55, -61, 240, 127, 0
L 264, 55, -61, 259, 50, -61, 240, 127, 0
L 259, 50, -61, 259, 49, -61, 240, 127, 0
L 259, 49, -61, 258, 48, -61, 240, 127, 0
L 258, 48, -61, 237, 39, -61, 240, 127, 0
L 237, 39, -61, 229, 36, -61, 240, 127, 0
L 229, 36, -61, 221, 32, -61, 240, 127, 0
L 221, 32, -61, 212, 29, -60, 240, 127, 0
L 212, 29, -60, 204, 26, -61, 240, 127, 0
L 204, 26, -61, 198, 24, -62, 240, 127, 0
L 198, 24, -62, 195, 23, -63, 240, 127, 0
L 195, 23, -63, 193, 23, -63, 240, 127, 0
L 193, 23, -63, 184, 24, -64, 240, 127, 0
L 184, 24, -64, 182, 25, -64, 240, 127, 0
L 182, 25, -64, 176, 26, -64, 240, 127, 0
L 176, 26, -64, 174, 27, -64, 240, 127, 0
L 174, 27, -64, 158, 34, -62, 240, 127, 0
L 158, 34, -62, 144, 41, -58, 240, 127, 0
L 144, 41, -58, 142, 41, -57, 240, 127, 0
L 142, 41, -57, 127, 47, -58, 240, 127, 0
L 127, 47, -58, 48, 69, -64, 240, 127, 0
L 48, 69, -64, 41, 71, -63, 240, 127, 0
L 41, 71, -63, 41, 69, -63, 240, 127, 0
L 41, 69, -63, 28, 46, -62, 240, 127, 0
L 28, 46, -62, 22, 32, -60, 240, 127, 0
L 22, 32, -60, 18, 23, -61, 240, 127, 0
L 18, 23, -61, 7, -4, -64, 240, 127, 0
L 7, -4, -64, 4, -11, -64, 240, 127, 0
L 4, -11, -64, 2, -15, -64, 240, 127, 0
L 2, -15, -64, -3, -34, -64, 240, 127, 0
L -3, -34, -64, -17, -100, -64, 240, 127, 0
L -17, -100, -64, -19, -120, -58, 240, 127, 0
L -19, -120, -58, -19, -144, -58, 240, 127, 0
L -19, -144, -58, -18, -180, -62, 240, 127, 0
L -18, -180, -62, -17, -201, -63, 240, 127, 0
L -17, -201, -63, -17, -230, -60, 240, 127, 0
L -17, -230, -60, -18, -231, -60, 240, 127, 0
L -18, -231, -60, -18, -233, -60, 240, 127, 0
L -18, -233, -60, -19, -234, -61, 240, 127, 0
L -19, -234, -61, -20, -236, -61, 240, 127, 0
L -20, -236, -61, -21, -237, -61, 240, 127, 0
L -21, -237, -61, -25, -241, -62, 240, 127, 0
L -25, -241, -62, -39, -241, -62, 240, 127, 0
L -39, -241, -62, -109, -241, -64, 240, 127, 0
L -109, -241, -64, -124, -240, -62, 240, 127, 0
L -124, -240, -62, -129, -240, -61, 240, 127, 0
L -129, -240, -61, -131, -239, -61, 240, 127, 0
L -131, -239, -61, -135, -238, -60, 240, 127, 0
L -135, -238, -60, -140, -237, -59, 240, 127, 0
L -140, -237, -59, -148, -234, -59, 240, 127, 0
L -148, -234, -59, -168, -227, -60, 240, 127, 0
L -168, -227, -60, -242, -189, -62, 240, 127, 0
L -242, -189, -62, -245, -188, -62, 240, 127, 0
L -245, -188, -62, -249, -185, -62, 240, 127, 0
L -249, -185, -62, -250, -184, -62, 240, 127, 0
L -250, -184, -62, -252, -183, -61, 240, 127, 0
L -252, -183, -61, -255, -179, -61, 240, 127, 0
L -255, -179, -61, -271, -161, -58, 240, 127, 0
L -271, -161, -58, -272, -159, -58, 240, 127, 0
L -272, -159, -58, -274, -157, -59, 240, 127, 0
L -274, -157, -59, -277, -152, -61, 240, 127, 0
L -277, -152, -61, -282, -145, -62, 240, 127, 0
L -282, -145, -62, -284, -141, -63, 240, 127, 0
L -284, -141, -63, -286, -137, -63, 240, 127, 0
L -286, -137, -63, -292, -122, -64, 240, 127, 0
L -292, -122, -64, -297, -111, -64, 240, 127, 0
L -297, -111, -64, -299, -107, -63, 240, 127, 0
L -299, -107, -63, -305, -92, -62, 240, 127, 0
L -305, -92, -62, -315, -66, -59, 240, 127, 0
L -315, -66, -59, -321, -51, -59, 240, 127, 0
L -321, -51, -59, -321, -48, -60, 240, 127, 0
L -321, -48, -60, -326, -39, -61, 240, 127, 0
L -326, -39, -61, -328, -35, -61, 240, 127, 0
L -328, -35, -61, -331, -31, -62, 240, 127, 0
L -331, -31, -62, -332, -29, -62, 240, 127, 0
L -332, -29, -62, -334, -28, -62, 240, 127, 0
L -334, -28, -62, -335, -26, -63, 240, 127, 0
L -335, -26, -63, -337, -25, -63, 240, 127, 0
L -337, -25, -63, -340, -24, -63, 240, 127, 0
L -340, -24, -63, -342, -23, -63, 240, 127, 0
L -342, -23, -63, -344, -23, -63, 240, 127, 0
L -344, -23, -63, -348, -22, -63, 240, 127, 0
L -348, -22, -63, -356, -22, -62, 240, 127, 0
L -356, -22, -62, -361, -21, -62, 240, 127, 0
L -361, -21, -62, -370, -20, -61, 240, 127, 0
L -370, -20, -61, -377, -18, -61, 240, 127, 0
L -377, -18, -61, -381, -17, -60, 240, 127, 0
L -381, -17, -60, -383, -16, -60, 240, 127, 0
L -383, -16, -60, -387, -14, -59, 240, 127, 0
L -387, -14, -59, -399, -6, -59, 240, 127, 0
L -399, -6, -59, -406, -1, -58, 240, 127, 0
L -406, -1, -58, -430, 15, -59, 240, 127, 0
L -430, 15, -59, -453, 31, -60, 240, 127, 0
L -453, 31, -60, -457, 33, -62, 240, 127, 0
L -457, 33, -62, -460, 34, -60, 240, 127, 0
L -460, 34, -60, -464, 36, -60, 240, 127, 0
L -464, 36, -60, -474, 38, -63, 240, 127, 0
L -474, 38, -63, -495, 33, -63, 240, 127, 0
L -495, 33, -63, -499, 31, -63, 240, 127, 0
L -499, 31, -63, -501, 29, -63, 240, 127, 0
L -501, 29, -63, -503, 28, -63, 240, 127, 0
L -503, 28, -63, -505, 25, -63, 240, 127, 0
L -505, 25, -63, -510, 19, -63, 240, 127, 0
L -510, 19, -63, -514.9, 11.6, -63, 240, 127, 0
L -514.9, 11.6, -63, -506, -48, -63, 240, 127, 0
L -506, -48, -63, -506, -55.2, -63, 240, 127, 0
L -1166.9, -278.1, -63, -1168, -259, -63, 240, 127, 0
L -1168, -259, -63, -1166, -208, -63, 240, 127, 0
L -1166, -208, -63, -1166, -205, -63, 240, 127, 0
L -1166, -205, -63, -1164, -204, -63, 240, 127, 0
L -1164, -204, -63, -1164, -185, -63, 240, 127, 0
L -1164, -185, -63, -1161, -156, -63, 240, 127, 0
L -1161, -156, -63, -1153, -114, -63, 240, 127, 0
L -1153, -114, -63, -1153, -109, -63, 240, 127, 0
L -1153, -109, -63, -1152, -102, -63, 240, 127, 0
L -1152, -102, -63, -1152, -93, -63, 240, 127, 0
L -1152, -93, -63, -1154, -82, -63, 240, 127, 0
L -1154, -82, -63, -1161, -55, -63, 240, 127, 0
L -1161, -55, -63, -1174, -18, -63, 240, 127, 0
L -1174, -18, -63, -1176, -14, -63, 240, 127, 0
L -1176, -14, -63, -1180, -8, -63, 240, 127, 0
L -1180, -8, -63, -1182, -6, -63, 240, 127, 0
L -1182, -6, -63, -1188, 1, -63, 240, 127, 0
L -1188, 1, -63, -1191, 5, -63, 240, 127, 0
L -1191, 5, -63, -1193, 6, -63, 240, 127, 0
L -1193, 6, -63, -1194, 7, -62, 240, 127, 0
L -1194, 7, -62, -1199, 10, -63, 240, 127, 0
L -1199, 10, -63, -1201, 11, -63, 240, 127, 0
L -1201, 11, -63, -1203, 11, -63, 240, 127, 0
L -1203, 11, -63, -1209, 13, -63, 240, 127, 0
L -1209, 13, -63, -1219, 14, -60, 240, 127, 0
L -1219, 14, -60, -1221, 15, -60, 240, 127, 0
L -1221, 15, -60, -1227, 15, -60, 240, 127, 0
L -1227, 15, -60, -1236, 15, -64, 240, 127, 0
L -1236, 15, -64, -1238, 15, -63, 240, 127, 0
L -1238, 15, -63, -1248, 13, -62, 240, 127, 0
L -1248, 13, -62, -1249, 12, -62, 240, 127, 0
L -1249, 12, -62, -1258, 9, -60, 240, 127, 0
L -1258, 9, -60, -1265, 7, -59, 240, 127, 0
L -1265, 7, -59, -1282, 0, -61, 240, 127, 0
L -1282, 0, -61, -1291, -4, -61, 240, 127, 0
L -1291, -4, -61, -1324, -21, -63, 240, 127, 0
L -1324, -21, -63, -1362, -41, -63, 240, 127, 0
L -1362, -41, -63, -1365, -43, -63, 240, 127, 0
L -1365, -43, -63, -1368, -44, -63, 240, 127, 0
L -1368, -44, -63, -1371, -47, -62, 240, 127, 0
L -1371, -47, -62, -1375, -51, -62, 240, 127, 0
L -1375, -51, -62, -1380, -58, -61, 240, 127, 0
L -1380, -58, -61, -1383, -61, -61, 240, 127, 0
L -1383, -61, -61, -1385, -65, -60, 240, 127, 0
L -1385, -65, -60, -1386, -67, -60, 240, 127, 0
L -1386, -67, -60, -1388, -71, -59, 240, 127, 0
L -1388, -71, -59, -1389, -76, -59, 240, 127, 0
L -1389, -76, -59, -1389, -78, -59, 240, 127, 0
L -1389, -78, -59, -1390, -80, -59, 240, 127, 0
L -1390, -80, -59, -1392, -87, -61, 240, 127, 0
L -1392, -87, -61, -1394, -96, -62, 240, 127, 0
L -1394, -96, -62, -1403, -132, -64, 240, 127, 0
L -1403, -132, -64, -1420, -199, -64, 240, 127, 0
L -1420, -199, -64, -1428, -226, -64, 240, 127, 0
L -1428, -226, -64, -1428, -228, -63, 240, 127, 0
L -1428, -228, -63, -1430, -232, -63, 240, 127, 0
L -1430, -232, -63, -1431, -235, -62, 240, 127, 0
L -1431, -235, -62, -1443, -259, -60, 240, 127, 0
L -1443, -259, -60, -1446, -266, -59, 240, 127, 0
L -1446, -266, -59, -1448, -269, -58, 240, 127, 0
L -1448, -269, -58, -1449, -271, -58, 240, 127, 0
L -1449, -271, -58, -1453, -276, -58, 240, 127, 0
L -1453, -276, -58, -1466, -296, -61, 240, 127, 0
L -1466, -296, -61, -1468, -298, -61, 240, 127, 0
L -1468, -298, -61, -1470, -301, -61, 240, 127, 0
L -1470, -301, -61, -1472, -302, -61, 240, 127, 0
L -1472, -302, -61, -1473, -303, -61, 240, 127, 0
L -1473, -303, -61, -1475, -304, -61, 240, 127, 0
L -1475, -304, -61, -1476, -304, -62, 240, 127, 0
L -1476, -304, -62, -1478, -305, -62, 240, 127, 0
L -1478, -305, -62, -1480, -305, -62, 240, 127, 0
L -1480, -305, -62, -1485, -306, -62, 240, 127, 0
L -1485, -306, -62, -1494, -306, -62, 240, 127, 0
L -1494, -306, -62, -1502, -306, -61, 240, 127, 0
L -1502, -306, -61, -1504, -305, -61, 240, 127, 0
L -1504, -305, -61, -1507, -304, -61, 240, 127, 0
L -1507, -304, -61, -1512, -302, -61, 240, 127, 0
L -1512, -302, -61, -1520, -297, -60, 240, 127, 0
L -1520, -297, -60, -1534, -290, -61, 240, 127, 0
L -1534, -290, -61, -1564, -279, -64, 240, 127, 0
L -1564, -279, -64, -1566, -279, -64, 240, 127, 0
L -1566, -279, -64, -1584, -275, -64, 240, 127, 0
L -1584, -275, -64, -1594, -274, -64, 240, 127, 0
L -1594, -274, -64, -1603, -273, -63, 240, 127, 0
L -1603, -273, -63, -1612, -272, -61, 240, 127, 0
L -1612, -272, -61, -1622, -272, -60, 240, 127, 0
L -1622, -272, -60, -1641, -271, -54, 240, 127, 0
L -1641, -271, -54, -1643, -271, -54, 240, 127, 0
L -1643, -271, -54, -1645, -270, -54, 240, 127, 0
L -1645, -270, -54, -1649, -270, -54, 240, 127, 0
L -1649, -270, -54, -1652, -268, -53, 240, 127, 0
L -1652, -268, -53, -1661, -264, -52, 240, 127, 0
L -1661, -264, -52, -1669, -261, -50, 240, 127, 0
L -1669, -261, -50, -1676, -258, -52, 240, 127, 0
L -1676, -258, -52, -1691, -251, -65, 240, 127, 0
L -1691, -251, -65, -1691, -250, -65, 240, 127, 0
L -1691, -250, -65, -1701, -234, -70, 240, 127, 0
L -1701, -234, -70, -1703, -230, -70, 240, 127, 0
L -1703, -230, -70, -1705, -227, -70, 240, 127, 0
L -1705, -227, -70, -1705, -225, -70, 240, 127, 0
L -1705, -225, -70, -1707, -220, -70, 240, 127, 0
L -1707, -220, -70, -1695, -227, -67, 240, 127, 0
L -1695, -227, -67, -1692, -229, -67, 240, 127, 0
L -1692, -229, -67, -1691, -231, -66, 240, 127, 0
L -1691, -231, -66, -1688, -233, -64, 240, 127, 0
L -1688, -233, -64, -1687, -234, -63, 240, 127, 0
L -1687, -234, -63, -1685, -237, -62, 240, 127, 0
L -1685, -237, -62, -1683, -240, -60, 240, 127, 0
L -1683, -240, -60, -1677, -253, -55, 240, 127, 0
L -1677, -253, -55, -1675, -256, -54, 240, 127, 0
L -1675, -256, -54, -1674, -260, -53, 240, 127, 0
L -1674, -260, -53, -1673, -263, -52, 240, 127, 0
L -1673, -263, -52, -1672, -267, -52, 240, 127, 0
L -1672, -267, -52, -1672, -269, -52, 240, 127, 0
L -1672, -269, -52, -1671, -270, -53, 240, 127, 0
L -1671, -270, -53, -1671, -272, -54, 240, 127, 0
L -1671, -272, -54, -1671, -274, -54, 240, 127, 0
L -1671, -274, -54, -1670, -275, -55, 240, 127, 0
L -1670, -275, -55, -1671, -288, -57, 240, 127, 0
L -1671, -288, -57, -1672, -297, -58, 240, 127, 0
L -1672, -297, -58, -1673, -298, -58, 240, 127, 0
L -1673, -298, -58, -1675, -299, -58, 240, 127, 0
L -1675, -299, -58, -1678, -299, -58, 240, 127, 0
L -1678, -299, -58, -1680, -299, -57, 240, 127, 0
L -1680, -299, -57, -1681, -299, -57, 240, 127, 0
L -1681, -299, -57, -1690, -298, -63, 240, 127, 0
L -1690, -298, -63, -1696, -297, -66, 240, 127, 0
L -1696, -297, -66, -1698, -297, -68, 240, 127, 0
L -1698, -297, -68, -1699, -296, -68, 240, 127, 0
L -1699, -296, -68, -1701, -295, -69, 240, 127, 0
L -1701, -295, -69, -1704, -292, -69, 240, 127, 0
L -1704, -292, -69, -1705, -291, -70, 240, 127, 0
L -1705, -291, -70, -1706, -289, -70, 240, 127, 0
L -1706, -289, -70, -1706, -287, -69, 240, 127, 0
L -1706, -287, -69, -1707, -286, -69, 240, 127, 0
L -1707, -286, -69, -1706, -282, -68, 240, 127, 0
L -1706, -282, -68, -1706, -280, -67, 240, 127, 0
L -1706, -280, -67, -1705, -279, -67, 240, 127, 0
L -1705, -279, -67, -1704, -277, -66, 240, 127, 0
L -1704, -277, -66, -1703, -276, -65, 240, 127, 0
L -1703, -276, -65, -1701, -275, -65, 240, 127, 0
L -1701, -275, -65, -1700, -274, -64, 240, 127, 0
L -1700, -274, -64, -1698, -273, -64, 240, 127, 0
L -1698, -273, -64, -1696, -273, -63, 240, 127, 0
L -1696, -273, -63, -1695, -273, -63, 240, 127, 0
L -1695, -273, -63, -1691, -273, -61, 240, 127, 0
L -1691, -273, -61, -1690, -274, -60, 240, 127, 0
L -1690, -274, -60, -1688, -275, -59, 240, 127, 0
L -1688, -275, -59, -1686, -276, -59, 240, 127, 0
L -1686, -276, -59, -1685, -278, -58, 240, 127, 0
L -1685, -278, -58, -1684, -279, -58, 240, 127, 0
L -1684, -279, -58, -1684, -281, -58, 240, 127, 0
L -1684, -281, -58, -1683, -282, -59, 240, 127, 0
L -1683, -282, -59, -1683, -284, -58, 240, 127, 0
L -1683, -284, -58, -1683, -288, -59, 240, 127, 0
L -1683, -288, -59, -1684, -290, -59, 240, 127, 0
L -1684, -290, -59, -1685, -291, -59, 240, 127, 0
L -1685, -291, -59, -1686, -293, -60, 240, 127, 0
L -1686, -293, -60, -1687, -294, -61, 240, 127, 0
L -1687, -294, -61, -1689, -295, -62, 240, 127, 0
L -1689, -295, -62, -1690, -296, -63, 240, 127, 0
L -1690, -296, -63, -1692, -297, -64, 240, 127, 0
L -1692, -297, -64, -1697, -298, -67, 240, 127, 0
L -1697, -298, -67, -1698, -298, -68, 240, 127, 0
L -1698, -298, -68, -1700, -298, -69, 240, 127, 0
L -1700, -298, -69, -1701, -297, -69, 240, 127, 0
L -1701, -297, -69, -1703, -296, -70, 240, 127, 0
L -1703, -296, -70, -1704, -294, -70, 240, 127, 0
L -1704, -294, -70, -1705, -293, -70, 240, 127, 0
L -1705, -293, -70, -1705, -291, -70, 240, 127, 0
L -1705, -291, -70, -1706, -289, -70, 240, 127, 0
L -1706, -289, -70, -1705, -286, -69, 240, 127, 0
L -1705, -286, -69, -1705, -284, -68, 240, 127, 0
L -1705, -284, -68, -1704, -283, -67, 240, 127, 0
L -1704, -283, -67, -1703, -281, -66, 240, 127, 0
L -1703, -281, -66, -1702, -280, -66, 240, 127, 0
L -1702, -280, -66, -1700, -279, -65, 240, 127, 0
L -1700, -279, -65, -1699, -278, -64, 240, 127, 0
L -1699, -278, -64, -1697, -277, -63, 240, 127, 0
L -1697, -277, -63, -1696, -277, -62, 240, 127, 0
L -1696, -277, -62, -1692, -276, -61, 240, 127, 0
L -1692, -276, -61, -1683, -274, -57, 240, 127, 0
L -1683, -274, -57, -1673, -273, -55, 240, 127, 0
L -1673, -273, -55, -1664, -273, -55, 240, 127, 0
L -1664, -273, -55, -1659, -274, -55, 240, 127, 0
L -1659, -274, -55, -1632, -279, -57, 240, 127, 0
L -1632, -279, -57, -1626, -280, -58, 240, 127, 0
L -1626, -280, -58, -1625, -280, -58, 240, 127, 0
L -1625, -280, -58, -1623, -280, -55, 240, 127, 0
L -1623, -280, -55, -1614, -281, -57, 240, 127, 0
L -1614, -281, -57, -1605, -283, -63, 240, 127, 0
L -1605, -283, -63, -1596, -285, -64, 240, 127, 0
L -1596, -285, -64, -1584, -287, -64, 240, 127, 0
L -1584, -287, -64, -1571, -287, -64, 240, 127, 0
L -1571, -287, -64, -1561, -286, -63, 240, 127, 0
L -1561, -286, -63, -1552, -286, -63, 240, 127, 0
L -1552, -286, -63, -1550, -287, -63, 240, 127, 0
L -1550, -287, -63, -1546, -288, -62, 240, 127, 0
L -1546, -288, -62, -1524, -294, -60, 240, 127, 0
L -1524, -294, -60, -1523, -296, -60, 240, 127, 0
L -1523, -296, -60, -1523, -297, -60, 240, 127, 0
L -1523, -297, -60, -1522, -298, -60, 240, 127, 0
L -1522, -298, -60, -1522, -300, -60, 240, 127, 0
L -1522, -300, -60, -1519, -308, -60, 240, 127, 0
L -1519, -308, -60, -1518, -309, -60, 240, 127, 0
L -1518, -309, -60, -1516, -309, -60, 240, 127, 0
L -1516, -309, -60, -1515, -310, -60, 240, 127, 0
L -1515, -310, -60, -1512, -311, -60, 240, 127, 0
L -1512, -311, -60, -1474, -320, -63, 240, 127, 0
L -1474, -320, -63, -1472, -320, -64, 240, 127, 0
L -1472, -320, -64, -1468, -321, -64, 240, 127, 0
L -1468, -321, -64, -1467, -322, -64, 240, 127, 0
L -1467, -322, -64, -1465, -323, -64, 240, 127, 0
L -1465, -323, -64, -1464, -324, -63, 240, 127, 0
L -1464, -324, -63, -1460, -327, -63, 240, 127, 0
L -1460, -327, -63, -1462, -326, -63, 240, 127, 0
L -1462, -326, -63, -1463, -326, -63, 240, 127, 0
L -1463, -326, -63, -1471, -318, -64, 240, 127, 0
L -1471, -318, -64, -1472, -317, -64, 240, 127, 0
L -1472, -317, -64, -1476, -314, -63, 240, 127, 0
L -1476, -314, -63, -1477, -313, -63, 240, 127, 0
L -1477, -313, -63, -1481, -312, -63, 240, 127, 0
L -1481, -312, -63, -1490, -309, -62, 240, 127, 0
L -1490, -309, -62, -1466, -316, -63, 240, 127, 0
L -1466, -316, -63, -1475, -316, -63, 240, 127, 0
L -1475, -316, -63, -1541, -316, -58, 240, 127, 0
L -1541, -316, -58, -1545, -315, -58, 240, 127, 0
L -1545, -315, -58, -1547, -315, -58, 240, 127, 0
L -1547, -315, -58, -1555, -313, -60, 240, 127, 0
L -1555, -313, -60, -1561, -311, -60, 240, 127, 0
L -1561, -311, -60, -1565, -310, -61, 240, 127, 0
L -1565, -310, -61, -1564, -310, -61, 240, 127, 0
L -1564, -310, -61, -1541, -322, -55, 240, 127, 0
L -1541, -322, -55, -1540, -322, -54, 240, 127, 0
L -1540, -322, -54, -1538, -324, -52, 240, 127, 0
L -1538, -324, -52, -1536, -323, -52, 240, 127, 0
L -1536, -323, -52, -1456, -310, -63, 240, 127, 0
L -1456, -310, -63, -1451, -308, -62, 240, 127, 0
L -1451, -308, -62, -1449, -308, -62, 240, 127, 0
L -1449, -308, -62, -1448, -307, -62, 240, 127, 0
L -1448, -307, -62, -1444, -305, -62, 240, 127, 0
L -1444, -305, -62, -1442, -303, -62, 240, 127, 0
L -1442, -303, -62, -1441, -301, -61, 240, 127, 0
L -1441, -301, -61, -1439, -299, -61, 240, 127, 0
L -1439, -299, -61, -1439, -297, -61, 240, 127, 0
L -1439, -297, -61, -1438, -295, -60, 240, 127, 0
L -1438, -295, -60, -1439, -288, -60, 240, 127, 0
L -1439, -288, -60, -1440, -279, -59, 240, 127, 0
L -1440, -279, -59, -1441, -274, -58, 240, 127, 0
L -1441, -274, -58, -1441, -272, -58, 240, 127, 0
L -1441, -272, -58, -1441, -270, -59, 240, 127, 0
L -1441, -270, -59, -1441, -258, -60, 240, 127, 0
L -1441, -258, -60, -1439, -245, -61, 240, 127, 0
L -1439, -245, -61, -1438, -238, -60, 240, 127, 0
L -1438, -238, -60, -1437, -230, -54, 240, 127, 0
L -1437, -230, -54, -1437, -228, -52, 240, 127, 0
L -1437, -228, -52, -1436, -226, -52, 240, 127, 0
L -1436, -226, -52, -1435, -219, -56, 240, 127, 0
L -1435, -219, -56, -1435, -217, -58, 240, 127, 0
L -1435, -217, -58, -1434, -211, -61, 240, 127, 0
L -1434, -211, -61, -1434, -209, -63, 240, 127, 0
L -1434, -209, -63, -1433, -207, -64, 240, 127, 0
L -1433, -207, -64, -1433, -205, -64, 240, 127, 0
L -1433, -205, -64, -1432, -203, -64, 240, 127, 0
L -1432, -203, -64, -1432, -199, -64, 240, 127, 0
L -1432, -199, -64, -1426, -169, -64, 240, 127, 0
L -1426, -169, -64, -1425, -162, -64, 240, 127, 0
L -1425, -162, -64, -1423, -159, -64, 240, 127, 0
L -1423, -159, -64, -1422, -156, -64, 240, 127, 0
L -1422, -156, -64, -1414, -139, -64, 240, 127, 0
L -1414, -139, -64, -1407, -127, -64, 240, 127, 0
L -1407, -127, -64, -1403, -120, -63, 240, 127, 0
L -1403, -120, -63, -1392, -97, -62, 240, 127, 0
L -1392, -97, -62, -1389, -89, -61, 240, 127, 0
L -1389, -89, -61, -1386, -82, -59, 240, 127, 0
L -1386, -82, -59, -1382, -73, -54, 240, 127, 0
L -1382, -73, -54, -1377, -59, -61, 240, 127, 0
L -1377, -59, -61, -1374, -52, -61, 240, 127, 0
L -1374, -52, -61, -1373, -50, -62, 240, 127, 0
L -1373, -50, -62, -1369, -46, -62, 240, 127, 0
L -1369, -46, -62, -1366, -43, -63, 240, 127, 0
L -1366, -43, -63, -1362, -40, -63, 240, 127, 0
L -1362, -40, -63, -1357, -37, -63, 240, 127, 0
L -1357, -37, -63, -1350, -33, -64, 240, 127, 0
L -1350, -33, -64, -1344, -30, -63, 240, 127, 0
L -1344, -30, -63, -1338, -27, -63, 240, 127, 0
L -1338, -27, -63, -1328, -25, -63, 240, 127, 0
L -1328, -25, -63, -1323, -24, -62, 240, 127, 0
L -1323, -24, -62, -1318, -24, -62, 240, 127, 0
L -1318, -24, -62, -1303, -23, -60, 240, 127, 0
L -1303, -23, -60, -1298, -23, -60, 240, 127, 0
L -1298, -23, -60, -1295, -22, -60, 240, 127, 0
L -1295, -22, -60, -1289, -20, -59, 240, 127, 0
L -1289, -20, -59, -1245, -1, -58, 240, 127, 0
L -1245, -1, -58, -1240, 1, -61, 240, 127, 0
L -1240, 1, -61, -1230, 5, -63, 240, 127, 0
L -1230, 5, -63, -1226, 7, -62, 240, 127, 0
L -1226, 7, -62, -1217, 8, -59, 240, 127, 0
L -1217, 8, -59, -1212, 10, -59, 240, 127, 0
L -1212, 10, -59, -1185, 19, -63, 240, 127, 0
L -1185, 19, -63, -1181, 24, -63, 240, 127, 0
L -1181, 24, -63, -1173, 41, -63, 240, 127, 0
L -1173, 41, -63, -1170, 49, -63, 240, 127, 0
L -1170, 49, -63, -1168, 56, -63, 240, 127, 0
L -1168, 56, -63, -1167, 64, -63, 240, 127, 0
L -1167, 64, -63, -1165, 72, -63, 240, 127, 0
L -1165, 72, -63, -1164, 82, -63, 240, 127, 0
L -1164, 82, -63, -1165, 113, -63, 240, 127, 0
L -1165, 113, -63, -1170, 194, -63, 240, 127, 0
L -1170, 194, -63, -1173, 215, -63, 240, 127, 0
L -1173, 215, -63, -1183, 254, -63, 240, 127, 0
L -1183, 254, -63, -1184, 257, -63, 240, 127, 0
L -1184, 257, -63, -1185, 269, -63, 240, 127, 0
L -1185, 269, -63, -1182, 301, -63, 240, 127, 0
L -1182, 301, -63, -1180, 310, -63, 240, 127, 0
L -1180, 310, -63, -1178, 324, -63, 240, 127, 0
L -1178, 324, -63, -1170, 340, -63, 240, 127, 0
L -1170, 340, -63, -1169, 344, -63, 240, 127, 0
L -1169, 344, -63, -1165, 391, -66, 240, 127, 0
L -1165, 391, -66, -1160, 440, -63, 240, 127, 0
L -1160, 440, -63, -1158, 445, -63, 240, 127, 0
L -1158, 445, -63, -1154, 478, -65, 240, 127, 0
L -1154, 478, -65, -1155, 499, -65, 240, 127, 0
L -1155, 499, -65, -1155, 510, -64, 240, 127, 0
L -1155, 510, -64, -1156, 515, -64, 240, 127, 0
L -1156, 515, -64, -1157, 519, -63, 240, 127, 0
L -1157, 519, -63, -1159, 522, -63, 240, 127, 0
L -1159, 522, -63, -1162, 531, -63, 240, 127, 0
L -1162, 531, -63, -1166, 537, -63, 240, 127, 0
L -1166, 537, -63, -1167, 540, -60, 240, 127, 0
L -1167, 540, -60, -1168, 542, -60, 240, 127, 0
L -1168, 542, -60, -1173, 550, -62, 240, 127, 0
L -1173, 550, -62, -1174, 552, -63, 240, 127, 0
L -1174, 552, -63, -1178, 558, -63, 240, 127, 0
L -1178, 558, -63, -1180, 561, -62, 240, 127, 0
L -1180, 561, -62, -1182, 564, -62, 240, 127, 0
L -1182, 564, -62, -1186, 569, -62, 240, 127, 0
L -1186, 569, -62, -1192, 576, -63, 240, 127, 0
L -1192, 576, -63, -1194, 577, -63, 240, 127, 0
L -1194, 577, -63, -1201, 583, -64, 240, 127, 0
L -1201, 583, -64, -1222, 602, -63, 240, 127, 0
L -1222, 602, -63, -1230, 608, -63, 240, 127, 0
L -1230, 608, -63, -1238, 615, -62, 240, 127, 0
L -1238, 615, -62, -1244, 619, -62, 240, 127, 0
L -1244, 619, -62, -1259, 628, -60, 240, 127, 0
L -1259, 628, -60, -1260, 629, -60, 240, 127, 0
L -1260, 629, -60, -1266, 632, -60, 240, 127, 0
L -1266, 632, -60, -1273, 635, -61, 240, 127, 0
L -1273, 635, -61, -1290, 641, -63, 240, 127, 0
L -1290, 641, -63, -1293, 643, -63, 240, 127, 0
L -1293, 643, -63, -1294, 644, -63, 240, 127, 0
L -1294, 644, -63, -1314, 660, -63, 240, 127, 0
L -1314, 660, -63, -1317, 662, -63, 240, 127, 0
L -1317, 662, -63, -1321, 664, -63, 240, 127, 0
L -1321, 664, -63, -1330, 668, -64, 240, 127, 0
L -1330, 668, -64, -1345, 674, -60, 240, 127, 0
L -1345, 674, -60, -1346, 675, -60, 240, 127, 0
L -1346, 675, -60, -1355, 680, -64, 240, 127, 0
L -1355, 680, -64, -1363, 685, -62, 240, 127, 0
L -1363, 685, -62, -1387, 700, -52, 240, 127, 0
L -1387, 700, -52, -1427, 725, -40, 240, 127, 0
L -1427, 725, -40, -1437, 731, -38, 240, 127, 0
L -1437, 731, -38, -1440, 732, -37, 240, 127, 0
L -1440, 732, -37, -1448, 734, -33, 240, 127, 0
L -1448, 734, -33, -1457, 736, -29, 240, 127, 0
L -1457, 736, -29, -1475, 739, -25, 240, 127, 0
L -1475, 739, -25, -1493, 742, -24, 240, 127, 0
L -1493, 742, -24, -1494, 743, -24, 240, 127, 0
L -1494, 743, -24, -1495, 744, -23, 240, 127, 0
L -1495, 744, -23, -1496, 744, -22, 240, 127, 0
L -1496, 744, -22, -1497, 745, -21, 240, 127, 0
L -1497, 745, -21, -1499, 746, -20, 240, 127, 0
L -1499, 746, -20, -1512, 748, -18, 240, 127, 0
L -1512, 748, -18, -1522, 749, -18, 240, 127, 0
L -1522, 749, -18, -1528, 750, -18, 240, 127, 0
L -1528, 750, -18, -1536, 750, -18, 240, 127, 0
L -1536, 750, -18, -1541, 749, -19, 240, 127, 0
L -1541, 749, -19, -1565, 746, -22, 240, 127, 0
L -1565, 746, -22, -1602, 742, -22, 240, 127, 0
L -1602, 742, -22, -1615, 740, -20, 240, 127, 0
L -1615, 740, -20, -1619, 740, -20, 240, 127, 0
L -1619, 740, -20, -1621, 739, -20, 240, 127, 0
L -1621, 739, -20, -1622, 739, -20, 240, 127, 0
L -1622, 739, -20, -1623, 738, -20, 240, 127, 0
L -1623, 738, -20, -1625, 737, -21, 240, 127, 0
L -1625, 737, -21, -1629, 733, -21, 240, 127, 0
L -1629, 733, -21, -1630, 731, -21, 240, 127, 0
L -1630, 731, -21, -1631, 728, -22, 240, 127, 0
L -1631, 728, -22, -1634, 716, -22, 240, 127, 0
L -1634, 716, -22, -1636, 710, -22, 240, 127, 0
L -1636, 710, -22, -1637, 699, -23, 240, 127, 0
L -1637, 699, -23, -1638, 698, -23, 240, 127, 0
L -1638, 698, -23, -1638, 695, -23, 240, 127, 0
L -1638, 695, -23, -1639, 688, -23, 240, 127, 0
L -1639, 688, -23, -1638, 674, -24, 240, 127, 0
L -1638, 674, -24, -1638, 669, -24, 240, 127, 0
L -1638, 669, -24, -1637, 665, -24, 240, 127, 0
L -1637, 665, -24, -1635, 659, -24, 240, 127, 0
L -1635, 659, -24, -1632, 646, -28, 240, 127, 0
L -1632, 646, -28, -1631, 645, -28, 240, 127, 0
L -1631, 645, -28, -1628, 632, -32, 240, 127, 0
L -1628, 632, -32, -1625, 618, -36, 240, 127, 0
L -1625, 618, -36, -1620, 593, -41, 240, 127, 0
L -1620, 593, -41, -1615, 565, -50, 240, 127, 0
L -1615, 565, -50, -1614, 563, -51, 240, 127, 0
L -1614, 563, -51, -1614, 559, -53, 240, 127, 0
L -1614, 559, -53, -1613, 558, -53, 240, 127, 0
L -1613, 558, -53, -1613, 556, -55, 240, 127, 0
L -1613, 556, -55, -1613, 551, -56, 240, 127, 0
L -1613, 551, -56, -1612, 549, -56, 240, 127, 0
L -1612, 549, -56, -1612, 543, -59, 240, 127, 0
L -1612, 543, -59, -1611, 540, -61, 240, 127, 0
L -1611, 540, -61, -1611, 538, -61, 240, 127, 0
L -1611, 538, -61, -1611, 534, -62, 240, 127, 0
L -1611, 534, -62, -1610, 532, -63, 240, 127, 0
L -1610, 532, -63, -1610, 527, -64, 240, 127, 0
L -1610, 527, -64, -1610, 525, -64, 240, 127, 0
L -1610, 525, -64, -1610, 497, -60, 240, 127, 0
L -1610, 497, -60, -1610, 495, -60, 240, 127, 0
L -1610, 495, -60, -1614, 483, -61, 240, 127, 0
L -1614, 483, -61, -1615, 477, -61, 240, 127, 0
L -1615, 477, -61, -1616, 473, -61, 240, 127, 0
L -1616, 473, -61, -1617, 472, -61, 240, 127, 0
L -1617, 472, -61, -1618, 470, -61, 240, 127, 0
L -1618, 470, -61, -1635, 453, -61, 240, 127, 0
L -1635, 453, -61, -1640, 450, -61, 240, 127, 0
L -1640, 450, -61, -1649, 445, -61, 240, 127, 0
L -1649, 445, -61, -1653, 443, -61, 240, 127, 0
L -1653, 443, -61, -1655, 443, -61, 240, 127, 0
L -1655, 443, -61, -1661, 441, -61, 240, 127, 0
L -1661, 441, -61, -1669, 439, -60, 240, 127, 0
L -1669, 439, -60, -1687, 435, -63, 240, 127, 0
L -1687, 435, -63, -1705, 432, -63, 240, 127, 0
L -1705, 432, -63, -1707, 431, -63, 240, 127, 0
L -1707, 431, -63, -1727, 429, -62, 240, 127, 0
L -1727, 429, -62, -1735, 428, -61, 240, 127, 0
L -1735, 428, -61, -1765, 427, -61, 240, 127, 0
L -1765, 427, -61, -1773, 428, -61, 240, 127, 0
L -1773, 428, -61, -1783, 428, -60, 240, 127, 0
L -1783, 428, -60, -1793, 430, -60, 240, 127, 0
L -1793, 430, -60, -1819, 435, -61, 240, 127, 0
L -1819, 435, -61, -1821, 436, -61, 240, 127, 0
L -1821, 436, -61, -1825, 437, -61, 240, 127, 0
L -1825, 437, -61, -1833, 441, -61, 240, 127, 0
L -1833, 441, -61, -1836, 444, -61, 240, 127, 0
L -1836, 444, -61, -1840, 447, -61, 240, 127, 0
L -1840, 447, -61, -1845, 452, -61, 240, 127, 0
L -1845, 452, -61, -1850, 458, -60, 240, 127, 0
L -1850, 458, -60, -1854, 463, -58, 240, 127, 0
L -1854, 463, -58, -1861, 473, -55, 240, 127, 0
L -1861, 473, -55, -1863, 476, -55, 240, 127, 0
L -1863, 476, -55, -1865, 480, -54, 240, 127, 0
L -1865, 480, -54, -1870, 491, -54, 240, 127, 0
L -1870, 491, -54, -1873, 498, -56, 240, 127, 0
L -1873, 498, -56, -1875, 504, -57, 240, 127, 0
L -1875, 504, -57, -1884, 528, -62, 240, 127, 0
L -1884, 528, -62, -1897, 566, -64, 240, 127, 0
L -1897, 566, -64, -1899, 573, -64, 240, 127, 0
L -1899, 573, -64, -1901, 576, -64, 240, 127, 0
L -1901, 576, -64, -1905, 584, -64, 240, 127, 0
L -1905, 584, -64, -1913, 596, -64, 240, 127, 0
L -1913, 596, -64, -1918, 601, -64, 240, 127, 0
L -1918, 601, -64, -1920, 602, -64, 240, 127, 0
L -1920, 602, -64, -1922, 603, -63, 240, 127, 0
L -1922, 603, -63, -1923, 603, -63, 240, 127, 0
L -1923, 603, -63, -1926, 604, -63, 240, 127, 0
L -1926, 604, -63, -1927, 604, -63, 240, 127, 0
L -1927, 604, -63, -1931, 604, -62, 240, 127, 0
L -1931, 604, -62, -1944, 604, -61, 240, 127, 0
L -1944, 604, -61, -1946, 605, -61, 240, 127, 0
L -1946, 605, -61, -1955, 606, -60, 240, 127, 0
L -1955, 606, -60, -1964, 607, -61, 240, 127, 0
L -1964, 607, -61, -1973, 608, -61, 240, 127, 0
L -1973, 608, -61, -1984, 608, -62, 240, 127, 0
L -1984, 608, -62, -1986, 608, -62, 240, 127, 0
L -1986, 608, -62, -2005, 606, -62, 240, 127, 0
L -2005, 606, -62, -2012, 604, -62, 240, 127, 0
L -2012, 604, -62, -2030, 600, -63, 240, 127, 0
L -2030, 600, -63, -2034, 599, -63, 240, 127, 0
L -2034, 599, -63, -2059, 591, -61, 240, 127, 0
L -2059, 591, -61, -2068, 589, -60, 240, 127, 0
L -2068, 589, -60, -2077, 588, -60, 240, 127, 0
L -2077, 588, -60, -2079, 588, -60, 240, 127, 0
L -2079, 588, -60, -2083, 588, -59, 240, 127, 0
L -2083, 588, -59, -2095, 588, -58, 240, 127, 0
L -2095, 588, -58, -2099, 589, -58, 240, 127, 0
L -2099, 589, -58, -2101, 589, -58, 240, 127, 0
L -2101, 589, -58, -2106, 591, -58, 240, 127, 0
L -2106, 591, -58, -2114, 593, -58, 240, 127, 0
L -2114, 593, -58, -2122, 596, -60, 240, 127, 0
L -2122, 596, -60, -2124, 595, -59, 240, 127, 0
L -2124, 595, -59, -2127, 596, -60, 240, 127, 0
L -2127, 596, -60, -2130, 596, -60, 240, 127, 0
L -2130, 596, -60, -2185, 614, -64, 240, 127, 0
L -2185, 614, -64, -2195, 618, -62, 240, 127, 0
L -2195, 618, -62, -2201, 621, -60, 240, 127, 0
L -2201, 621, -60, -2204, 623, -60, 240, 127, 0
L -2204, 623, -60, -2218, 633, -61, 240, 127, 0
L -2218, 633, -61, -2219, 634, -61, 240, 127, 0
L -2219, 634, -61, -2219, 635, -61, 240, 127, 0
L -2219, 635, -61, -2220, 637, -61, 240, 127, 0
L -2220, 637, -61, -2237, 652, -61, 240, 127, 0
L -2237, 652, -61, -2245, 661, -61, 240, 127, 0
L -2245, 661, -61, -2249, 667, -61, 240, 127, 0
L -2249, 667, -61, -2251, 671, -61, 240, 127, 0
L -2251, 671, -61, -2251, 672, -61, 240, 127, 0
L -2251, 672, -61, -2252, 676, -61, 240, 127, 0
L -2252, 676, -61, -2255, 696, -60, 240, 127, 0
L -2255, 696, -60, -2256, 703, -60, 240, 127, 0
L -2256, 703, -60, -2256, 713, -62, 240, 127, 0
L -2256, 713, -62, -2257, 797, -59, 240, 127, 0
L -2257, 797, -59, -2258, 815, -63, 240, 127, 0
L -2258, 815, -63, -2258, 823, -63, 240, 127, 0
L -2258, 823, -63, -2260, 850, -57, 240, 127, 0
L -2260, 850, -57, -2262, 856, -56, 240, 127, 0
L -2262, 856, -56, -2263, 857, -56, 240, 127, 0
L -2263, 857, -56, -2263, 859, -56, 240, 127, 0
L -2263, 859, -56, -2270, 871, -59, 240, 127, 0
L -2270, 871, -59, -2271, 872, -59, 240, 127, 0
L -2271, 872, -59, -2271, 878, -59, 240, 127, 0
L -2271, 878, -59, -2274, 897, -58, 240, 127, 0
L -2274, 897, -58, -2274, 899, -58, 240, 127, 0
L -2274, 899, -58, -2274, 902, -60, 240, 127, 0
L -2274, 902, -60, -2275, 907, -64, 240, 127, 0
L -2275, 907, -64, -2275, 908, -64, 240, 127, 0
L -2275, 908, -64, -2276, 911, -66, 240, 127, 0
L -2276, 911, -66, -2276, 913, -67, 240, 127, 0
L -2276, 913, -67, -2276, 916, -72, 240, 127, 0
L -2276, 916, -72, -2277, 918, -72, 240, 127, 0
L -2277, 918, -72, -2274, 912, -69, 240, 127, 0
L -2274, 912, -69, -2274, 911, -68, 240, 127, 0
L -2274, 911, -68, -2273, 910, -67, 240, 127, 0
L -2273, 910, -67, -2259, 903, -62, 240, 127, 0
L -2259, 903, -62, -2257, 901, -60, 240, 127, 0
L -2257, 901, -60, -2255, 899, -59, 240, 127, 0
L -2255, 899, -59, -2253, 897, -57, 240, 127, 0
L -2253, 897, -57, -2252, 896, -57, 240, 127, 0
L -2252, 896, -57, -2251, 894, -57, 240, 127, 0
L -2251, 894, -57, -2250, 891, -57, 240, 127, 0
L -2250, 891, -57, -2245, 875, -56, 240, 127, 0
L -2245, 875, -56, -2245, 874, -56, 240, 127, 0
L -2245, 874, -56, -2244, 869, -56, 240, 127, 0
L -2244, 869, -56, -2243, 865, -56, 240, 127, 0
L -2243, 865, -56, -2243, 860, -55, 240, 127, 0
L -2243, 860, -55, -2242, 853, -55, 240, 127, 0
L -2242, 853, -55, -2242, 851, -56, 240, 127, 0
L -2242, 851, -56, -2241, 846, -58, 240, 127, 0
L -2241, 846, -58, -2240, 830, -61, 240, 127, 0
L -2240, 830, -61, -2239, 819, -63, 240, 127, 0
L -2239, 819, -63, -2240, 800, -63, 240, 127, 0
L -2240, 800, -63, -2240, 798, -63, 240, 127, 0
L -2240, 798, -63, -2240, 791, -62, 240, 127, 0
L -2240, 791, -62, -2241, 782, -63, 240, 127, 0
L -2241, 782, -63, -2241, 777, -63, 240, 127, 0
L -2241, 777, -63, -2242, 774, -62, 240, 127, 0
L -2242, 774, -62, -2245, 760, -60, 240, 127, 0
L -2245, 760, -60, -2247, 751, -60, 240, 127, 0
L -2247, 751, -60, -2251, 733, -63, 240, 127, 0
L -2251, 733, -63, -2256, 712, -63, 240, 127, 0
L -2256, 712, -63, -2257, 709, -62, 240, 127, 0
L -2257, 709, -62, -2257, 706, -61, 240, 127, 0
L -2257, 706, -61, -2257, 693, -60, 240, 127, 0
L -2257, 693, -60, -2257, 689, -60, 240, 127, 0
L -2257, 689, -60, -2256, 686, -60, 240, 127, 0
L -2256, 686, -60, -2255, 682, -61, 240, 127, 0
L -2255, 682, -61, -2252, 675, -61, 240, 127, 0
L -2252, 675, -61, -2248, 668, -61, 240, 127, 0
L -2248, 668, -61, -2248, 666, -61, 240, 127, 0
L -2248, 666, -61, -2247, 664, -61, 240, 127, 0
L -2247, 664, -61, -2245, 663, -61, 240, 127, 0
L -2245, 663, -61, -2244, 661, -61, 240, 127, 0
L -2244, 661, -61, -2236, 651, -61, 240, 127, 0
L -2236, 651, -61, -2234, 648, -61, 240, 127, 0
L -2234, 648, -61, -2231, 645, -61, 240, 127, 0
L -2231, 645, -61, -2229, 644, -61, 240, 127, 0
L -2229, 644, -61, -2228, 643, -61, 240, 127, 0
L -2228, 643, -61, -2214, 637, -61, 240, 127, 0
L -2214, 637, -61, -2212, 636, -61, 240, 127, 0
L -2212, 636, -61, -2208, 635, -60, 240, 127, 0
L -2208, 635, -60, -2199, 633, -60, 240, 127, 0
L -2199, 633, -60, -2183, 629, -64, 240, 127, 0
L -2183, 629, -64, -2160, 625, -64, 240, 127, 0
L -2160, 625, -64, -2123, 615, -64, 240, 127, 0
L -2123, 615, -64, -2088, 605, -59, 240, 127, 0
L -2088, 605, -59, -2083, 604, -59, 240, 127, 0
L -2083, 604, -59, -2079, 603, -59, 240, 127, 0
L -2079, 603, -59, -2077, 603, -60, 240, 127, 0
L -2077, 603, -60, -2074, 603, -60, 240, 127, 0
L -2074, 603, -60, -2071, 604, -60, 240, 127, 0
L -2071, 604, -60, -2064, 606, -61, 240, 127, 0
L -2064, 606, -61, -2058, 608, -61, 240, 127, 0
L -2058, 608, -61, -2033, 620, -60, 240, 127, 0
L -2033, 620, -60, -2024, 623, -60, 240, 127, 0
L -2024, 623, -60, -2017, 626, -60, 240, 127, 0
L -2017, 626, -60, -1998, 630, -59, 240, 127, 0
L -1998, 630, -59, -1994, 631, -59, 240, 127, 0
L -1994, 631, -59, -1985, 631, -59, 240, 127, 0
L -1985, 631, -59, -1984, 630, -59, 240, 127, 0
L -1984, 630, -59, -1982, 629, -59, 240, 127, 0
L -1982, 629, -59, -1979, 628, -59, 240, 127, 0
L -1979, 628, -59, -1965, 618, -60, 240, 127, 0
L -1965, 618, -60, -1954, 611, -60, 240, 127, 0
L -1954, 611, -60, -1952, 611, -60, 240, 127, 0
L -1952, 611, -60, -1951, 610, -60, 240, 127, 0
L -1951, 610, -60, -1949, 609, -60, 240, 127, 0
L -1949, 609, -60, -1947, 609, -61, 240, 127, 0
L -1947, 609, -61, -1944, 608, -61, 240, 127, 0
L -1944, 608, -61, -1914, 604, -64, 240, 127, 0
L -1914, 604, -64, -1912, 603, -64, 240, 127, 0
L -1912, 603, -64, -1909, 602, -64, 240, 127, 0
L -1909, 602, -64, -1907, 602, -64, 240, 127, 0
L -1907, 602, -64, -1902, 599, -64, 240, 127, 0
L -1902, 599, -64, -1896, 596, -64, 240, 127, 0
L -1896, 596, -64, -1893, 594, -64, 240, 127, 0
L -1893, 594, -64, -1891, 592, -64, 240, 127, 0
L -1891, 592, -64, -1889, 591, -64, 240, 127, 0
L -1889, 591, -64, -1888, 590, -64, 240, 127, 0
L -1888, 590, -64, -1886, 586, -64, 240, 127, 0
L -1886, 586, -64, -1886, 585, -64, 240, 127, 0
L -1886, 585, -64, -1885, 581, -64, 240, 127, 0
L -1885, 581, -64, -1883, 567, -64, 240, 127, 0
L -1883, 567, -64, -1880, 539, -64, 240, 127, 0
L -1880, 539, -64, -1876, 512, -59, 240, 127, 0
L -1876, 512, -59, -1874, 496, -56, 240, 127, 0
L -1874, 496, -56, -1872, 489, -54, 240, 127, 0
L -1872, 489, -54, -1871, 485, -54, 240, 127, 0
L -1871, 485, -54, -1869, 481, -54, 240, 127, 0
L -1869, 481, -54, -1868, 477, -54, 240, 127, 0
L -1868, 477, -54, -1866, 473, -54, 240, 127, 0
L -1866, 473, -54, -1861, 466, -56, 240, 127, 0
L -1861, 466, -56, -1857, 460, -58, 240, 127, 0
L -1857, 460, -58, -1854, 457, -59, 240, 127, 0
L -1854, 457, -59, -1847, 451, -61, 240, 127, 0
L -1847, 451, -61, -1845, 450, -61, 240, 127, 0
L -1845, 450, -61, -1844, 448, -61, 240, 127, 0
L -1844, 448, -61, -1835, 443, -61, 240, 127, 0
L -1835, 443, -61, -1825, 437, -61, 240, 127, 0
L -1825, 437, -61, -1822, 436, -61, 240, 127, 0
L -1822, 436, -61, -1818, 434, -61, 240, 127, 0
L -1818, 434, -61, -1814, 434, -61, 240, 127, 0
L -1814, 434, -61, -1800, 435, -61, 240, 127, 0
L -1800, 435, -61, -1798, 435, -61, 240, 127, 0
L -1798, 435, -61, -1795, 436, -60, 240, 127, 0
L -1795, 436, -60, -1785, 438, -60, 240, 127, 0
L -1785, 438, -60, -1778, 440, -60, 240, 127, 0
L -1778, 440, -60, -1766, 441, -60, 240, 127, 0
L -1766, 441, -60, -1738, 444, -60, 240, 127, 0
L -1738, 444, -60, -1735, 445, -60, 240, 127, 0
L -1735, 445, -60, -1731, 446, -61, 240, 127, 0
L -1731, 446, -61, -1722, 449, -61, 240, 127, 0
L -1722, 449, -61, -1711, 453, -63, 240, 127, 0
L -1711, 453, -63, -1709, 453, -63, 240, 127, 0
L -1709, 453, -63, -1705, 454, -63, 240, 127, 0
L -1705, 454, -63, -1704, 454, -63, 240, 127, 0
L -1704, 454, -63, -1702, 454, -62, 240, 127, 0
L -1702, 454, -62, -1698, 453, -62, 240, 127, 0
L -1698, 453, -62, -1690, 452, -62, 240, 127, 0
L -1690, 452, -62, -1685, 451, -60, 240, 127, 0
L -1685, 451, -60, -1674, 451, -60, 240, 127, 0
L -1674, 451, -60, -1657, 451, -61, 240, 127, 0
L -1657, 451, -61, -1654, 452, -61, 240, 127, 0
L -1654, 452, -61, -1650, 452, -61, 240, 127, 0
L -1650, 452, -61, -1649, 453, -61, 240, 127, 0
L -1649, 453, -61, -1647, 453, -61, 240, 127, 0
L -1647, 453, -61, -1645, 454, -61, 240, 127, 0
L -1645, 454, -61, -1642, 455, -61, 240, 127, 0
L -1642, 455, -61, -1634, 461, -61, 240, 127, 0
L -1634, 461, -61, -1631, 463, -61, 240, 127, 0
L -1631, 463, -61, -1628, 466, -61, 240, 127, 0
L -1628, 466, -61, -1626, 467, -61, 240, 127, 0
L -1626, 467, -61, -1623, 473, -61, 240, 127, 0
L -1623, 473, -61, -1620, 481, -61, 240, 127, 0
L -1620, 481, -61, -1617, 488, -61, 240, 127, 0
L -1617, 488, -61, -1616, 492, -60, 240, 127, 0
L -1616, 492, -60, -1615, 500, -60, 240, 127, 0
L -1615, 500, -60, -1615, 503, -61, 240, 127, 0
L -1615, 503, -61, -1613, 515, -63, 240, 127, 0
L -1613, 515, -63, -1613, 517, -64, 240, 127, 0
L -1613, 517, -64, -1614, 522, -64, 240, 127, 0
L -1614, 522, -64, -1614, 524, -64, 240, 127, 0
L -1614, 524, -64, -1615, 526, -64, 240, 127, 0
L -1615, 526, -64, -1616, 529, -64, 240, 127, 0
L -1616, 529, -64, -1618, 532, -64, 240, 127, 0
L -1618, 532, -64, -1622, 539, -62, 240, 127, 0
L -1622, 539, -62, -1629, 556, -56, 240, 127, 0
L -1629, 556, -56, -1632, 565, -53, 240, 127, 0
L -1632, 565, -53, -1633, 572, -50, 240, 127, 0
L -1633, 572, -50, -1634, 578, -48, 240, 127, 0
L -1634, 578, -48, -1634, 586, -45, 240, 127, 0
L -1634, 586, -45, -1634, 588, -45, 240, 127, 0
L -1634, 588, -45, -1634, 601, -39, 240, 127, 0
L -1634, 601, -39, -1630, 631, -32, 240, 127, 0
L -1630, 631, -32, -1630, 634, -32, 240, 127, 0
L -1630, 634, -32, -1628, 651, -27, 240, 127, 0
L -1628, 651, -27, -1628, 653, -26, 240, 127, 0
L -1628, 653, -26, -1628, 671, -24, 240, 127, 0
L -1628, 671, -24, -1629, 679, -23, 240, 127, 0
L -1629, 679, -23, -1629, 681, -22, 240, 127, 0
L -1629, 681, -22, -1630, 684, -22, 240, 127, 0
L -1630, 684, -22, -1630, 686, -22, 240, 127, 0
L -1630, 686, -22, -1631, 688, -22, 240, 127, 0
L -1631, 688, -22, -1632, 689, -20, 240, 127, 0
L -1632, 689, -20, -1633, 690, -19, 240, 127, 0
L -1633, 690, -19, -1634, 692, -17, 240, 127, 0
L -1634, 692, -17, -1640, 702, -21, 240, 127, 0
L -1640, 702, -21, -1641, 704, -23, 240, 127, 0
L -1641, 704, -23, -1641, 706, -23, 240, 127, 0
L -1641, 706, -23, -1641, 709, -20, 240, 127, 0
L -1641, 709, -20, -1642, 713, -20, 240, 127, 0
L -1642, 713, -20, -1643, 716, -20, 240, 127, 0
L -1643, 716, -20, -1644, 721, -22, 240, 127, 0
L -1644, 721, -22, -1644, 722, -23, 240, 127, 0
L -1644, 722, -23, -1645, 726, -24, 240, 127, 0
L -1645, 726, -24, -1648, 754, -24, 240, 127, 0
L -1648, 754, -24, -1647, 772, -24, 240, 127, 0
L -1647, 772, -24, -1647, 774, -24, 240, 127, 0
L -1647, 774, -24, -1644, 774, -24, 240, 127, 0
L -1644, 774, -24, -1631, 771, -22, 240, 127, 0
L -1631, 771, -22, -1613, 767, -20, 240, 127, 0
L -1613, 767, -20, -1595, 763, -22, 240, 127, 0
L -1595, 763, -22, -1583, 761, -23, 240, 127, 0
L -1583, 761, -23, -1575, 760, -23, 240, 127, 0
L -1575, 760, -23, -1565, 760, -22, 240, 127, 0
L -1565, 760, -22, -1548, 759, -20, 240, 127, 0
L -1548, 759, -20, -1522, 759, -17, 240, 127, 0
L -1522, 759, -17, -1508, 759, -17, 240, 127, 0
L -1508, 759, -17, -1506, 758, -18, 240, 127, 0
L -1506, 758, -18, -1498, 757, -20, 240, 127, 0
L -1498, 757, -20, -1489, 755, -23, 240, 127, 0
L -1489, 755, -23, -1483, 754, -19, 240, 127, 0
L -1483, 754, -19, -1476, 752, -21, 240, 127, 0
L -1476, 752, -21, -1468, 749, -27, 240, 127, 0
L -1468, 749, -27, -1466, 749, -29, 240, 127, 0
L -1466, 749, -29, -1462, 747, -30, 240, 127, 0
L -1462, 747, -30, -1460, 746, -30, 240, 127, 0
L -1460, 746, -30, -1458, 745, -31, 240, 127, 0
L -1458, 745, -31, -1455, 743, -31, 240, 127, 0
L -1455, 743, -31, -1448, 738, -33, 240, 127, 0
L -1448, 738, -33, -1439, 731, -36, 240, 127, 0
L -1439, 731, -36, -1438, 730, -37, 240, 127, 0
L -1438, 730, -37, -1430, 726, -39, 240, 127, 0
L -1430, 726, -39, -1403, 708, -45, 240, 127, 0
L -1403, 708, -45, -1378, 696, -55, 240, 127, 0
L -1378, 696, -55, -1371, 692, -58, 240, 127, 0
L -1371, 692, -58, -1363, 687, -61, 240, 127, 0
L -1363, 687, -61, -1357, 685, -63, 240, 127, 0
L -1357, 685, -63, -1339, 676, -64, 240, 127, 0
L -1339, 676, -64, -1366, 689, -60, 240, 127, 0
L -1366, 689, -60, -1340, 677, -64, 240, 127, 0
L -1340, 677, -64, -1309, 662, -63, 240, 127, 0
L -1309, 662, -63, -1305, 661, -62, 240, 127, 0
L -1305, 661, -62, -1298, 656, -62, 240, 127, 0
L -1298, 656, -62, -1272, 638, -60, 240, 127, 0
L -1272, 638, -60, -1248, 621, -61, 240, 127, 0
L -1248, 621, -61, -1233, 611, -63, 240, 127, 0
L -1233, 611, -63, -1210, 594, -64, 240, 127, 0
L -1210, 594, -64, -1196, 580, -64, 240, 127, 0
L -1196, 580, -64, -1193, 576, -63, 240, 127, 0
L -1193, 576, -63, -1192, 574, -62, 240, 127, 0
L -1192, 574, -62, -1191, 572, -60, 240, 127, 0
L -1191, 572, -60, -1191, 570, -59, 240, 127, 0
L -1191, 570, -59, -1190, 568, -59, 240, 127, 0
L -1190, 568, -59, -1188, 563, -60, 240, 127, 0
L -1188, 563, -60, -1187, 558, -63, 240, 127, 0
L -1187, 558, -63, -1186, 557, -63, 240, 127, 0
L -1186, 557, -63, -1186, 554, -63, 240, 127, 0
L -1186, 554, -63, -1187, 552, -63, 240, 127, 0
L -1187, 552, -63, -1183, 538, -63, 240, 127, 0
L -1183, 538, -63, -1182, 537, -61, 240, 127, 0
L -1182, 537, -61, -1182, 535, -60, 240, 127, 0
L -1182, 535, -60, -1179, 525, -62, 240, 127, 0
L -1179, 525, -62, -1179, 523, -61, 240, 127, 0
L -1179, 523, -61, -1178, 521, -59, 240, 127, 0
L -1178, 521, -59, -1175, 510, -58, 240, 127, 0
L -1175, 510, -58, -1174, 508, -58, 240, 127, 0
L -1174, 508, -58, -1173, 505, -60, 240, 127, 0
L -1173, 505, -60, -1173, 503, -61, 240, 127, 0
L -1173, 503, -61, -1173, 502, -62, 240, 127, 0
L -1173, 502, -62, -1170, 493, -63, 240, 127, 0
L -1170, 493, -63, -1163, 461, -63, 240, 127, 0
L -1163, 461, -63, -1158, 444, -63, 240, 127, 0
L -1158, 444, -63, -1158, 443, -63, 240, 127, 0
L -1158, 443, -63, -1161, 390, -66, 240, 127, 0
L -1161, 390, -66, -1162, 384, -66, 240, 127, 0
L -1162, 384, -66, -1163, 356, -65, 240, 127, 0
L -1163, 356, -65, -1164, 349, -64, 240, 127, 0
L -1164, 349, -64, -1165, 346, -64, 240, 127, 0
L -1165, 346, -64, -1168, 334, -63, 240, 127, 0
L -1168, 334, -63, -1170, 328, -63, 240, 127, 0
L -1170, 328, -63, -1173, 316, -63, 240, 127, 0
L -1173, 316, -63, -1179, 286, -63, 240, 127, 0
L -1179, 286, -63, -1180, 275, -63, 240, 127, 0
L -1180, 275, -63, -1180, 255, -63, 240, 127, 0
L -1180, 255, -63, -1178, 227, -63, 240, 127, 0
L -1178, 227, -63, -1176, 220, -63, 240, 127, 0
L -1176, 220, -63, -1179, 200, -63, 240, 127, 0
L -1179, 200, -63, -1169, 75, -63, 240, 127, 0
L -1169, 75, -63, -1168, 73, -63, 240, 127, 0
L -1168, 73, -63, -1166, 71, -63, 240, 127, 0
L -1166, 71, -63, -1166, 65, -63, 240, 127, 0
L -1166, 65, -63, -1167, 60, -63, 240, 127, 0
L -1167, 60, -63, -1167, 55, -63, 240, 127, 0
L -1167, 55, -63, -1168, 49, -63, 240, 127, 0
L -1168, 49, -63, -1172, 37, -63, 240, 127, 0
L -1172, 37, -63, -1176, 32, -63, 240, 127, 0
L -1176, 32, -63, -1171, 37, -63, 240, 127, 0
L -1171, 37, -63, -1170, 36, -63, 240, 127, 0
L -1170, 36, -63, -1167, 24, -63, 240, 127, 0
L -1167, 24, -63, -1166, 18, -63, 240, 127, 0
L -1166, 18, -63, -1166, 15, -63, 240, 127, 0
L -1166, 15, -63, -1165, -7, -63, 240, 127, 0
L -1165, -7, -63, -1163, -29, -63, 240, 127, 0
L -1163, -29, -63, -1163, -48, -63, 240, 127, 0
L -1163, -48, -63, -1162, -53, -63, 240, 127, 0
L -1162, -53, -63, -1164, -43, -63, 240, 127, 0
L -1164, -43, -63, -1164, -39, -63, 240, 127, 0
L -1156.5, -257.3, -63.1, -1105, -336.3, -69, 240, 0, 0
L -1105, -336.3, -69, -1089, -414.2, -68.9, 240, 0, 0
L -1089, -414.2, -68.9, -1059.8, -494.3, -68.9, 240, 0, 0
L -1059.8, -494.3, -68.9, -1020.8, -574.8, -68.7, 240, 0, 0
L -1020.8, -574.8, -68.7, -1065.1, -639.6, -68.7, 240, 0, 0
L -562.8, -138.3, -67.7, -562.8, -138.3, -67.7, 0, 0, 240
L -560.5, -147.7, -72, -560.5, -147.7, -72, 255, 0, 255
L -554, -146.7, -72, -1102.4, -349.1, -72, 255, 0, 255
L -1115.5, -320.2, -72, -582, -121.4, -72, 255, 0, 255
L -585.2, -118.6, -69.9, -517.4, -178.2, -63.1, 240, 0, 0
L -585.2, -118.6, -70, -600.1, 76.3, -70, 240, 0, 0
L -529.1, -90.7, -63, -529.1, -90.7, -63, 240, 127, 0
L -506, -55.2, -63, -512.5, -82.6, -63, 240, 127, 0
L -512.5, -82.6, -63, -513, -84.2, -63, 240, 127, 0
L -513, -84.2, -63, -513.6, -85.8, -63, 240, 127, 0
L -513.6, -85.8, -63, -514.2, -87.4, -63, 240, 127, 0
L -514.2, -87.4, -63, -516.1, -91.9, -63, 240, 127, 0
L -566.2, -132.9, -68, -533.7, -111.2, -64.3, 240, 127, 0
L -533.7, -111.2, -64.3, -532.2, -110, -64.1, 240, 127, 0
L -532.2, -110, -64.1, -530.9, -108.6, -63.9, 240, 127, 0
L -530.9, -108.6, -63.9, -529.6, -107.2, -63.7, 240, 127, 0
L -529.6, -107.2, -63.7, -523.2, -99.9, -63, 240, 127, 0
L -523.2, -99.9, -63, -516.1, -91.9, -63, 240, 127, 0
L -566.2, -132.9, -68.3, -1114.3, -337, -72, 240, 127, 0
L -1114.3, -337, -67.7, -1117.6, -337.8, -67.5, 240, 127, 0
L -1117.6, -337.8, -67.5, -1119.4, -338.2, -67.3, 240, 127, 0
L -1119.4, -338.2, -67.3, -1121.2, -338.5, -67, 240, 127, 0
L -1121.2, -338.5, -67, -1123, -338.5, -66.9, 240, 127, 0
L -1123, -338.5, -66.9, -1124.9, -338.2, -66.7, 240, 127, 0
L -1124.9, -338.2, -66.7, -1126.7, -337.7, -66.5, 240, 127, 0
L -1126.7, -337.7, -66.5, -1128.3, -337, -66.4, 240, 127, 0
L -1128.3, -337, -66.4, -1130, -336.2, -66.3, 240, 127, 0
L -1130, -336.2, -66.3, -1131.7, -335.1, -66.2, 240, 127, 0
L -1131.7, -335.1, -66.2, -1133, -334.2, -66, 240, 127, 0
L -1133, -334.2, -66, -1134.4, -333, -65.9, 240, 127, 0
L -1134.4, -333, -65.9, -1135.7, -331.8, -65.7, 240, 127, 0
L -1135.7, -331.8, -65.7, -1136.8, -330.6, -65.6, 240, 127, 0
L -1136.8, -330.6, -65.6, -1138.1, -329.1, -65.5, 240, 127, 0
L -1138.1, -329.1, -65.5, -1139.3, -327.6, -65.3, 240, 127, 0
L -1139.3, -327.6, -65.3, -1140.4, -326, -65.2, 240, 127, 0
L -1140.4, -326, -65.2, -1141.3, -324.5, -65.1, 240, 127, 0
L -1141.3, -324.5, -65.1, -1142.2, -323, -65, 240, 127, 0
L -1142.2, -323, -65, -1143.1, -321.4, -64.9, 240, 127, 0
L -1143.1, -321.4, -64.9, -1147.8, -312.7, -64.3, 240, 127, 0
L -1147.8, -312.7, -64.3, -1166.9, -278.1, -63, 240, 127, 0