P -362.4929, 1261.3728, 151.8144,  0, 0, 240,  3,  Galdara_Swiftwind
P -372.1909, 1247.1858, 119.5019,  0, 0, 240,  3,  Jalor_Housip
P -487.4404, 1108.9900, 128.6440,  0, 0, 240,  3,  Vornol_Transon
P -333.9510, 1122.3541, 106.2206,  0, 0, 240,  3,  Sarah_Jelnen
P -315.6374, 1266.9041, 119.5019,  0, 0, 240,  3,  Trizpok_Tobbnokcog
P -438.4667, 1266.7415, 148.3455,  0, 0, 240,  3,  Hafron_Jelnen
P -442.7620, 1275.6373, 65.8328,  0, 0, 240,  3,  Valana_Broms
P -480.4893, 1101.1071, 65.7831,  0, 0, 240,  3,  Derron_Gramjon
P 1799.5742, 1532.6508, -31.3259,  0, 0, 240,  3,  Tikl_Huk
P 1789.9200, 435.6736, -33.7479,  0, 0, 240,  3,  Brolan_Geppal
P 1714.4363, 420.4500, -33.7479,  0, 0, 240,  3,  Herald_Shelia_Gransith
P 820.3037, 269.1920, -4.3582,  0, 0, 240,  3,  Lara_Trueseer
P 821.5057, 240.4319, -4.3582,  0, 0, 240,  3,  Xavier_Sendorn
P 856.7182, 284.3446, -4.3582,  0, 0, 240,  3,  Frantip_Dalonus
P 856.2542, 323.6557, -4.3582,  0, 0, 240,  3,  Jilan_Tollun
P 829.9550, 327.5654, -4.3582,  0, 0, 240,  3,  Tamben_Prinon
P 892.1616, 271.1270, -4.3582,  0, 0, 240,  3,  Alton_Daleson
P 891.3410, 227.8262, -4.3582,  0, 0, 240,  3,  Bella_Stremi
P 819.2120, 187.4548, -4.3582,  0, 0, 240,  3,  Trallen_Grimhammer
P 835.8396, 169.4324, -4.3582,  0, 0, 240,  3,  Latrag_Darkaxe
P 862.5371, 186.6131, -4.3582,  0, 0, 240,  3,  Bolli_Hillfoot
P 934.1702, -194.9015, 10.5569,  0, 0, 240,  3,  Rilla_Quickeyes
P 998.5628, -216.2810, 10.5569,  0, 0, 240,  3,  Edgar_Lemoof
P 952.0675, -117.6113, 10.5569,  0, 0, 240,  3,  Ellen_Daleson
P 1114.2416, 393.6208, -10.0339,  0, 0, 240,  3,  Trevor_Nalinson
P 1087.9921, 335.9986, -10.0339,  0, 0, 240,  3,  Liteema_Agner
P 1028.6656, 364.5351, -10.0339,  0, 0, 240,  3,  Brodlan_Remdo
P 999.7498, 634.4957, -16.6061,  0, 0, 240,  3,  Malda_Braltek
P 1011.1346, 620.8824, -9.8364,  0, 0, 240,  3,  Bertol_Flagerty
P 1028.5156, 636.5484, -19.3187,  0, 0, 240,  3,  Flerdo_Brigged
P 1294.1340, 1538.2659, -32.3624,  0, 0, 240,  3,  Gazoon_Noihzog
P -1666.0786, 1568.7083, 44.0440,  0, 0, 240,  3,  Elisah_Astari
